58
108,0 81,0 22,5 7,0 39,0 7,0 36,5 7,0 109,0 108,0 56,0 43,0 48,5 16,0 53,0 5,5 59,0 53,5 45,0 106,0 4,5 0,5 56,0 54,0 59,0 53,0 102,0 99,0 21,0 31,0 44,5 80,0 2,5 26,0 2,0 32,0 37,0 16,0 103,0 40,5 70,0 47,0 11,0 62,0 30,0 32,5 107,0 36,0 4,0 34,5 69,0 7,0 27,0 34,5 42,5 30,5 20,5 14,5 
58,0 5,0 101,0 82,0 17,0 59,0 9,0 10,5 64,0 60,0 71,0 45,5 42,0 27,5 8,5 42,5 61,0 28,5 32,0 52,0 87,0 69,0 29,0 2,0 48,0 54,0 49,0 97,0 68,0 3,0 41,5 5,0 109,0 25,0 11,5 55,5 37,5 7,0 19,0 36,0 121,0 13,0 43,0 33,0 7,0 2,0 65,0 13,0 122,0 96,0 58,5 19,5 23,0 36,0 27,5 20,0 58,0 62,0 
114,0 12,0 16,5 55,0 59,0 38,0 80,0 53,5 85,0 115,0 44,0 34,0 21,0 79,0 64,0 45,0 51,0 38,5 109,0 52,0 36,0 45,0 106,0 40,5 31,0 40,0 24,0 64,0 61,0 105,0 35,5 37,0 110,0 45,5 59,0 44,0 25,5 67,0 38,0 0,0 15,0 36,0 24,0 60,0 122,0 81,0 18,0 57,0 28,0 22,0 112,0 33,0 66,0 108,0 119,0 39,0 41,0 45,0 
36,0 75,0 26,0 4,0 17,0 54,0 121,0 2,5 26,5 107,0 1,5 43,0 60,0 37,0 79,0 38,5 44,0 98,0 18,5 28,0 22,0 82,0 67,0 44,0 55,5 35,5 24,0 53,0 24,0 3,0 75,0 42,0 50,5 3,0 113,0 55,0 2,5 24,0 49,5 37,0 38,0 53,0 5,5 55,0 40,5 107,0 89,0 35,0 43,5 27,0 34,5 41,0 56,0 19,0 51,0 12,0 65,0 27,5 
16,0 45,0 28,0 59,0 99,0 51,0 54,0 11,0 7,0 31,0 68,0 91,0 87,0 6,0 4,0 92,0 70,0 52,5 11,0 9,0 14,0 0,0 21,0 31,5 36,5 4,0 25,0 9,5 66,0 80,0 111,0 29,0 42,0 91,0 6,0 22,5 28,0 11,0 92,0 57,5 102,0 38,0 25,5 45,0 12,0 15,0 12,0 23,0 77,0 57,5 29,0 15,0 60,0 51,0 29,0 106,0 22,0 107,0 
61,0 114,0 75,0 17,0 16,0 35,0 2,0 59,0 119,0 101,0 93,0 7,0 0,0 93,0 41,0 59,0 13,0 54,0 1,5 22,0 27,5 85,0 88,0 24,5 18,0 77,0 60,0 3,0 4,0 47,0 16,5 45,5 28,0 81,0 60,0 72,0 6,5 80,0 60,0 25,5 29,0 55,0 5,0 110,0 96,0 111,0 49,0 40,0 77,0 42,5 19,0 119,0 56,0 18,0 4,0 10,5 50,0 17,5 
121,0 54,0 46,5 6,0 21,5 55,5 32,0 63,0 15,0 39,0 16,0 66,0 42,0 36,0 75,0 23,0 45,5 53,0 39,0 13,0 37,0 57,5 42,5 31,0 39,0 22,5 33,0 46,0 29,0 11,0 12,0 37,0 79,0 37,5 28,0 8,0 55,0 16,0 61,0 37,0 23,5 17,0 50,0 19,0 12,0 99,0 47,0 5,5 23,5 14,5 106,0 78,0 102,0 6,0 59,0 21,5 32,5 14,0 
16,5 2,5 58,0 22,0 43,0 47,5 39,5 33,0 19,5 60,0 100,0 11,5 33,5 24,0 14,5 67,0 32,0 15,0 31,0 89,0 3,0 9,0 41,5 24,0 38,0 24,5 49,0 56,5 29,0 44,5 6,0 14,0 52,0 88,0 52,5 26,0 26,0 116,0 56,5 8,5 62,0 7,0 18,5 48,5 72,0 20,0 27,0 40,0 32,0 4,0 41,5 4,0 40,0 20,0 52,0 51,0 38,5 22,0 
48,0 60,5 15,0 23,0 46,5 39,0 18,0 33,5 30,0 100,0 15,5 10,0 1,5 109,0 120,0 32,5 61,0 51,0 5,0 52,0 34,0 1,0 57,0 18,0 16,0 16,5 46,0 12,0 75,0 38,0 41,5 52,5 20,5 10,0 41,5 43,0 72,0 55,0 56,0 59,0 118,0 16,5 28,5 43,5 23,0 49,5 102,0 40,0 5,0 118,0 45,0 101,0 10,0 96,0 48,0 14,0 12,5 21,5 
110,0 21,5 39,5 48,0 35,0 98,0 42,0 99,0 106,0 25,0 35,0 48,0 95,0 1,0 37,0 41,0 43,0 26,5 113,0 3,5 68,0 38,0 35,0 37,0 0,5 38,0 3,5 113,0 26,5 89,0 99,0 36,0 60,0 56,0 17,0 45,5 20,5 35,0 59,5 5,0 60,0 56,5 40,5 31,5 32,5 104,0 13,0 91,0 47,0 46,0 11,0 113,0 53,0 34,0 119,0 61,0 87,0 86,0 
58,5 106,0 28,0 12,0 39,0 42,0 25,0 24,0 75,0 17,0 99,0 21,0 36,0 22,5 72,0 65,0 82,0 27,0 6,0 46,0 12,5 26,5 47,0 31,0 17,0 100,0 7,5 100,0 54,5 31,0 55,5 60,0 115,0 33,5 41,5 36,5 18,5 83,0 122,0 90,0 18,0 3,0 29,0 56,5 10,0 56,0 82,0 18,0 47,0 9,5 22,0 35,0 23,0 68,0 50,0 87,0 61,0 48,5 
38,0 39,5 19,0 50,5 10,5 78,0 47,0 6,0 10,0 49,0 15,0 67,0 12,0 65,0 112,0 52,0 51,5 10,0 27,0 107,0 40,0 40,0 1,5 97,0 116,0 60,0 33,0 5,0 98,0 3,0 111,0 39,5 46,0 28,0 38,5 6,0 17,0 17,0 92,0 25,0 35,5 2,0 39,5 42,0 4,0 38,0 40,0 29,0 40,5 95,0 7,0 38,5 2,5 80,0 108,0 6,5 67,0 54,0 
52,5 110,0 91,0 75,0 122,0 0,0 103,0 55,0 53,0 32,0 75,0 29,5 47,0 120,0 8,0 43,0 30,0 9,0 3,0 75,0 56,5 34,5 16,5 47,0 5,0 55,5 23,0 6,0 97,0 24,0 40,0 61,0 82,0 13,0 34,5 57,0 59,5 15,0 30,0 33,0 64,0 50,0 39,0 87,0 75,0 55,0 70,0 41,0 57,5 20,5 79,0 41,0 106,0 37,0 27,0 12,5 87,0 28,0 
54,5 29,0 8,0 74,0 102,0 31,0 19,0 87,0 41,5 44,0 1,0 1,0 46,0 15,0 37,0 44,0 86,0 91,0 8,0 93,0 60,0 31,5 47,5 67,0 73,0 72,0 51,0 29,0 1,0 38,5 79,0 83,0 44,0 15,0 11,0 25,0 43,0 59,0 86,0 17,5 35,5 92,0 5,0 11,5 27,5 61,0 18,0 56,0 81,0 55,0 36,0 47,5 20,0 5,0 16,0 35,0 93,0 40,5 
113,0 6,5 2,0 30,0 11,0 49,5 62,0 9,0 13,0 6,0 28,0 9,5 1,0 21,0 24,0 56,0 34,0 14,0 36,0 25,5 13,0 56,0 61,0 47,5 114,0 56,0 39,0 44,5 60,0 119,0 25,0 68,0 60,0 28,5 1,5 55,0 18,5 117,0 62,0 53,5 111,0 3,0 59,5 30,0 39,5 32,0 87,0 29,0 37,0 47,0 71,0 10,5 55,0 34,5 109,0 90,0 26,0 28,5 
33,5 56,0 57,0 37,0 61,0 25,0 89,0 8,5 6,0 19,0 16,5 11,5 112,0 42,5 11,0 34,0 18,0 58,0 65,0 92,0 62,0 15,5 115,0 89,0 3,0 54,0 22,0 119,0 50,5 49,5 55,5 101,0 46,5 7,5 8,0 17,0 2,5 22,0 44,0 27,5 121,0 49,0 36,5 38,0 44,0 53,5 84,0 52,0 38,0 75,0 27,0 91,0 24,5 60,0 66,0 32,0 31,0 7,5 
51,0 85,0 104,0 6,5 49,0 55,0 5,0 41,5 58,5 48,5 44,5 10,5 2,0 40,0 19,0 24,0 82,0 6,5 13,0 29,0 104,0 33,0 36,0 53,0 12,5 29,5 32,0 108,0 115,0 35,5 36,0 44,0 36,5 25,5 3,0 8,5 97,0 29,5 39,0 86,0 47,5 27,0 8,5 3,5 21,5 69,0 33,0 103,0 60,0 8,0 51,5 12,0 117,0 50,0 3,0 32,0 105,0 19,0 
1,0 3,0 37,5 108,0 23,5 27,0 42,0 116,0 64,0 71,0 46,0 68,0 71,0 39,5 90,0 79,0 26,0 37,0 32,5 117,0 41,5 68,0 88,0 14,5 3,5 27,0 6,0 25,0 112,0 14,0 47,5 16,5 80,0 42,0 49,0 45,5 13,0 93,0 17,0 44,0 49,5 29,5 4,5 13,5 9,0 3,0 21,5 12,0 45,5 57,0 59,0 31,5 0,0 12,0 8,5 76,0 9,5 114,0 
45,0 12,0 40,5 57,0 15,0 74,0 2,5 57,0 35,0 12,5 59,0 49,0 20,0 69,0 25,0 7,0 45,0 28,0 106,0 72,0 108,0 87,0 12,0 68,0 78,0 21,0 47,0 16,5 30,0 50,0 47,0 59,0 41,5 24,0 35,0 45,0 27,0 39,0 12,5 11,5 60,0 11,0 3,0 39,5 54,5 106,0 119,0 30,5 18,5 118,0 0,0 45,0 8,0 27,0 9,5 87,0 104,0 30,0 
26,0 0,5 18,5 121,0 5,5 33,5 95,0 57,0 19,0 30,0 17,5 6,5 24,5 0,0 36,5 56,0 8,0 120,0 26,0 28,0 41,5 16,0 60,5 76,0 9,0 22,0 54,0 19,0 17,0 59,0 55,5 96,0 40,5 21,0 116,0 33,5 3,0 41,5 44,5 109,0 48,0 14,0 60,5 28,5 45,5 10,5 39,0 46,0 2,0 78,0 16,0 55,0 49,0 16,0 13,5 80,0 25,0 55,0 
38,0 10,5 19,5 54,0 23,0 49,0 99,0 21,0 26,5 25,5 46,5 11,5 30,5 48,0 44,0 53,0 102,0 10,5 43,5 117,0 77,0 27,0 3,5 16,0 9,5 109,0 56,0 58,0 13,5 31,5 18,0 64,0 86,0 99,0 13,0 37,0 30,5 24,0 121,0 32,5 53,0 60,5 15,0 87,0 108,0 3,5 79,0 42,5 40,5 22,0 14,0 18,0 9,0 36,5 97,0 37,5 42,0 7,5 
112,0 49,5 24,0 14,5 25,0 108,0 76,0 3,0 40,0 79,0 38,0 11,5 4,0 35,0 64,0 44,0 80,0 16,0 0,0 83,0 120,0 120,0 71,0 9,5 106,0 48,5 20,0 27,5 55,5 42,0 25,5 39,0 33,0 20,5 3,5 93,0 105,0 74,0 22,0 39,5 44,0 28,0 114,0 100,0 6,0 55,0 5,5 41,0 110,0 26,0 36,5 2,5 55,0 31,5 25,0 96,0 39,5 83,0 
28,5 61,0 109,0 41,0 50,0 74,0 20,5 56,0 21,0 110,0 29,0 0,5 26,0 31,0 46,5 6,0 19,0 26,0 27,0 15,0 18,5 3,0 14,0 34,0 59,0 51,0 42,5 19,5 14,5 94,0 23,0 47,0 57,0 101,0 23,0 16,0 19,5 50,0 74,0 110,0 58,0 2,0 111,0 42,5 35,0 8,5 70,0 59,0 32,0 94,0 106,0 33,0 113,0 50,0 80,0 27,5 22,5 61,0 
82,0 53,0 103,0 7,0 52,0 10,5 53,0 3,0 14,0 83,0 69,0 56,5 15,5 42,0 60,5 86,0 60,0 101,0 3,0 1,5 54,5 113,0 32,5 52,5 28,0 20,5 61,0 46,0 19,0 69,0 98,0 32,5 63,0 33,0 36,0 48,0 63,0 60,0 20,0 32,0 18,5 40,0 104,0 119,0 33,0 66,0 13,5 121,0 46,5 4,5 28,0 49,0 76,0 67,0 20,0 1,0 57,0 28,5 
23,0 52,5 16,0 49,0 48,0 55,0 7,0 52,0 3,0 34,0 31,0 37,0 35,0 13,0 73,0 29,0 64,0 43,0 17,0 29,0 19,0 57,0 21,0 79,0 52,5 16,0 2,0 34,0 57,0 16,0 55,0 33,0 94,0 19,0 14,0 44,0 51,0 92,0 29,0 59,0 54,0 106,0 11,0 112,0 74,0 17,5 90,0 114,0 37,0 31,5 116,0 59,0 64,0 109,0 46,0 15,0 47,0 65,0 
26,0 45,5 51,0 111,0 10,0 39,0 46,5 76,0 25,5 10,5 24,5 58,5 38,0 75,0 117,0 40,5 55,0 27,0 85,0 51,0 114,0 40,0 86,0 44,0 62,0 11,0 38,5 49,0 27,5 107,0 27,0 111,0 5,5 15,0 18,0 119,0 25,0 69,0 29,0 92,0 9,5 76,0 55,0 12,0 43,0 115,0 20,0 15,5 25,0 105,0 54,0 102,0 14,0 55,5 88,0 34,5 4,0 27,5 
117,0 106,0 94,0 16,0 19,0 50,0 96,0 47,0 40,0 52,0 28,5 0,0 69,0 3,5 71,0 48,0 13,0 27,5 23,5 26,0 120,0 90,0 25,5 58,5 65,0 49,5 78,0 29,0 106,0 33,0 46,0 77,0 0,0 16,0 99,0 18,5 32,0 43,0 63,0 7,0 2,0 95,0 13,0 41,0 10,0 5,0 25,5 43,0 44,5 55,0 114,0 47,0 43,0 60,0 20,0 0,5 21,0 99,0 
59,0 54,0 36,0 54,5 96,0 93,0 17,0 106,0 13,0 72,0 21,5 1,5 17,5 83,0 24,0 2,0 43,0 7,5 91,0 96,0 13,0 55,0 74,0 85,0 44,0 55,0 56,5 20,0 4,5 0,5 109,0 18,0 14,0 15,0 3,0 9,0 21,5 21,0 100,0 23,5 24,5 39,0 70,0 46,0 23,0 88,0 1,0 58,0 2,0 42,0 8,0 5,5 43,0 23,0 30,0 17,0 19,0 72,0 
99,0 24,0 11,5 68,0 39,5 11,0 1,0 44,0 51,5 100,0 63,0 16,0 22,0 110,0 105,0 5,5 55,0 23,0 40,0 6,5 54,5 112,0 110,0 26,0 45,0 61,0 28,0 23,5 100,0 83,0 31,5 58,0 104,0 53,5 39,5 41,0 9,0 39,5 58,5 32,0 51,5 8,5 42,5 57,5 14,0 30,0 15,5 97,0 17,0 93,0 51,5 58,0 22,0 7,0 4,0 54,0 40,0 30,5 
18,0 3,0 78,0 0,5 29,0 48,5 13,0 8,0 3,0 0,5 24,0 43,0 47,0 9,0 36,5 31,0 109,0 66,0 17,5 60,0 13,0 39,5 49,0 30,0 103,0 36,5 54,0 8,0 9,0 1,5 93,0 6,5 107,0 58,0 14,5 38,0 15,0 97,0 49,5 41,5 24,5 35,5 54,5 29,0 39,5 43,0 26,5 28,0 106,0 27,5 10,0 44,5 0,0 37,0 120,0 42,0 11,0 5,5 
24,5 28,5 31,5 116,0 11,5 55,0 45,0 112,0 19,5 72,0 9,5 53,0 106,0 86,0 106,0 16,5 28,0 47,0 33,5 17,0 35,0 96,0 33,5 109,0 15,0 46,5 60,0 32,0 23,5 45,0 118,0 29,5 55,0 91,0 105,0 61,0 63,0 21,5 24,0 60,0 52,0 35,5 54,5 27,0 21,0 52,0 61,0 81,0 16,0 114,0 97,0 42,0 93,0 32,0 51,0 12,0 6,5 48,0 
16,0 34,5 43,0 117,0 0,5 19,5 2,5 32,0 19,0 36,5 93,0 21,0 70,0 22,0 8,0 22,5 16,0 6,0 12,5 9,5 19,0 9,5 36,0 60,0 66,0 24,5 24,0 114,0 78,0 51,0 3,0 96,0 56,5 121,0 21,0 75,0 48,0 110,0 7,0 29,5 111,0 60,0 81,0 9,0 35,0 56,5 79,0 11,0 2,5 27,0 18,0 53,5 19,0 5,0 7,0 1,0 111,0 98,0 
97,0 83,0 80,0 26,0 37,0 95,0 10,5 35,0 4,0 54,0 52,0 101,0 64,0 63,0 58,0 27,5 1,0 21,0 57,0 27,0 59,5 57,0 35,0 94,0 36,0 38,5 83,0 121,0 19,0 31,0 89,0 42,0 6,0 28,5 29,5 19,0 31,0 4,0 15,0 115,0 104,0 14,0 14,5 75,0 59,0 19,0 26,0 16,5 16,0 36,5 88,0 53,5 36,0 10,0 27,0 30,0 59,5 90,0 
47,0 69,0 95,0 7,0 26,0 32,0 15,5 23,5 9,0 50,5 12,5 81,0 46,0 40,0 26,5 11,0 94,0 17,0 43,0 68,0 6,0 10,0 5,5 101,0 57,5 87,0 50,0 53,5 52,0 99,0 54,0 47,0 19,0 119,0 4,5 41,0 10,5 40,0 0,5 96,0 52,0 2,0 95,0 12,0 101,0 7,0 88,0 36,5 21,5 22,0 67,0 94,0 14,0 39,0 32,0 55,5 87,0 59,5 
7,5 100,0 3,0 110,0 15,0 80,0 71,0 32,0 3,0 44,0 48,0 10,5 43,0 26,5 53,0 114,0 66,0 75,0 23,0 49,0 32,0 49,5 8,0 91,0 23,0 38,0 41,0 97,0 83,0 63,0 55,5 77,0 12,5 44,0 57,0 1,5 40,0 102,0 64,0 79,0 80,0 113,0 20,0 37,0 34,0 17,0 72,0 112,0 35,0 20,5 80,0 5,0 19,0 67,0 107,0 103,0 55,5 94,0 
115,0 30,0 57,0 63,0 49,5 18,5 56,5 8,5 118,0 9,0 41,0 56,0 28,0 63,0 12,5 107,0 12,5 86,0 35,0 30,0 9,0 32,0 2,5 43,0 35,0 5,0 1,0 50,0 5,5 32,0 34,0 32,0 32,0 44,0 4,0 21,0 40,5 15,0 80,0 50,0 56,0 91,0 45,0 76,0 33,0 80,0 42,0 31,5 27,0 13,5 15,0 26,0 114,0 8,0 12,0 116,0 34,0 31,0 
38,0 50,5 57,0 10,0 78,0 69,0 87,0 38,0 121,0 63,0 61,0 11,0 43,5 27,5 35,5 9,5 54,0 23,5 58,0 21,0 6,0 73,0 102,0 24,5 19,5 102,0 90,0 1,5 109,0 2,0 3,0 11,0 52,5 54,0 49,0 11,0 58,5 87,0 33,5 0,5 40,0 42,5 22,0 45,0 0,0 30,0 113,0 86,0 48,0 43,0 5,0 32,0 54,0 46,5 78,0 36,0 25,5 49,0 
93,0 33,0 90,0 36,0 25,0 46,5 38,0 60,0 5,0 18,0 58,5 6,0 44,0 51,5 7,0 41,0 8,0 46,0 22,0 59,5 22,0 36,5 109,0 56,0 73,0 27,5 50,5 87,0 49,0 29,0 31,0 1,0 2,5 120,0 52,0 6,5 9,0 22,5 49,0 46,0 24,0 5,0 9,5 40,5 53,0 26,0 93,0 109,0 10,5 51,5 29,0 83,0 15,5 47,0 2,0 101,0 72,0 45,0 
71,0 36,5 29,5 43,5 27,5 44,0 47,5 6,5 56,5 117,0 22,0 14,0 33,0 60,0 51,5 11,0 118,0 59,5 52,0 34,5 0,5 32,0 82,0 117,0 94,0 0,0 107,0 11,5 30,0 39,5 55,0 15,0 59,0 31,5 22,5 90,0 55,0 93,0 67,0 26,5 58,0 51,0 8,0 49,0 27,0 47,0 52,0 11,0 36,0 51,0 9,0 21,5 15,0 44,5 120,0 11,0 102,0 85,0 
33,0 29,0 46,0 17,5 60,0 49,5 30,0 26,0 55,0 58,0 47,0 56,0 54,5 114,0 47,0 56,5 8,0 49,5 23,0 83,0 38,0 58,0 61,0 54,0 16,0 24,0 5,5 36,5 42,0 21,5 103,0 103,0 1,0 45,0 58,0 67,0 57,0 27,5 29,0 0,0 56,5 18,0 26,0 5,0 113,0 94,0 31,5 35,0 16,0 33,0 42,5 55,0 2,0 17,0 23,5 109,0 1,5 57,5 
89,0 101,0 50,5 51,5 30,0 9,0 4,0 77,0 50,0 24,5 40,5 69,0 56,0 43,0 16,0 77,0 6,5 5,0 16,0 93,0 4,0 57,0 111,0 25,0 71,0 39,0 39,0 85,0 13,0 28,0 45,5 5,5 46,0 18,0 78,0 56,0 0,5 96,0 61,0 52,0 4,0 31,0 107,0 32,0 37,0 11,0 15,0 32,0 80,0 77,0 120,0 11,5 42,0 36,0 42,0 56,5 34,0 28,0 
38,5 74,0 13,0 3,5 13,0 53,0 43,5 50,0 6,0 63,0 0,5 37,0 66,0 14,0 17,0 49,5 10,0 24,5 3,0 30,5 27,5 40,0 60,0 103,0 50,0 1,5 117,0 90,0 91,0 67,0 4,5 18,5 23,0 114,0 75,0 8,0 9,5 30,0 93,0 16,0 102,0 48,0 88,0 119,0 62,0 61,0 45,5 51,0 45,0 24,0 76,0 119,0 60,5 5,0 22,5 120,0 60,0 18,0 
18,0 5,5 95,0 4,0 10,0 56,0 9,0 88,0 40,0 9,0 66,0 58,0 111,0 43,0 12,5 1,5 37,0 9,0 71,0 44,5 30,5 7,5 33,0 3,0 59,5 36,5 13,0 91,0 12,0 5,0 37,5 46,5 54,5 119,0 56,0 57,0 118,0 52,0 30,0 46,0 112,0 82,0 62,0 49,0 102,0 67,0 67,0 57,0 64,0 24,0 51,5 17,0 27,0 1,0 17,0 17,0 7,0 64,0 
77,0 109,0 16,0 16,0 116,0 45,0 54,0 51,0 19,0 8,5 20,0 48,0 44,5 95,0 45,0 4,5 13,5 27,5 49,5 3,0 4,0 58,5 90,0 56,5 6,0 64,0 31,5 50,5 51,5 13,0 34,5 51,5 21,0 52,0 16,0 41,0 84,0 115,0 45,0 21,0 35,0 87,0 24,0 14,0 6,0 115,0 49,0 64,0 29,0 20,0 77,0 60,5 6,5 45,5 39,0 53,0 54,5 117,0 
19,0 50,0 15,0 74,0 3,0 48,0 5,5 25,0 15,5 4,0 41,0 30,0 9,5 52,0 105,0 4,0 105,0 17,0 112,0 18,0 38,5 57,5 79,0 45,0 2,0 17,5 90,0 30,0 55,0 57,0 20,0 37,5 52,5 14,0 58,0 101,0 24,5 8,0 46,0 92,0 105,0 59,5 89,0 61,0 32,5 21,0 80,0 76,0 15,0 8,5 54,0 73,0 16,0 21,0 28,5 40,0 24,0 2,5 
57,0 53,0 88,0 49,5 6,0 99,0 19,0 29,0 40,5 106,0 22,0 58,5 25,0 83,0 13,0 37,5 33,0 9,0 45,0 54,5 119,0 20,0 27,0 2,0 2,0 51,5 25,5 18,0 28,0 28,5 46,0 44,0 33,0 28,0 22,5 50,5 93,0 83,0 31,0 47,0 4,0 5,5 23,0 29,5 40,0 0,5 105,0 89,0 36,5 10,5 79,0 113,0 58,0 23,0 37,0 28,5 24,5 103,0 
5,0 59,5 20,5 98,0 57,5 29,5 54,0 56,5 62,0 86,0 2,0 32,0 33,0 88,0 26,5 36,5 101,0 12,0 87,0 12,0 22,0 0,0 100,0 74,0 37,5 46,0 11,0 20,0 118,0 69,0 38,0 90,0 33,0 50,0 3,0 36,5 28,5 30,0 11,0 54,0 57,5 4,5 43,0 34,0 43,5 4,0 45,5 40,0 68,0 49,5 121,0 110,0 93,0 64,0 5,0 57,0 34,5 17,5 
26,0 105,0 1,0 9,0 119,0 8,0 18,5 18,0 56,5 71,0 36,5 37,0 3,0 5,5 5,0 114,0 19,0 5,5 48,0 27,0 14,0 8,0 20,0 6,5 84,0 26,5 52,0 56,0 14,5 107,0 55,0 29,5 54,0 36,5 26,0 58,0 32,0 75,0 57,0 22,0 118,0 7,5 59,5 18,0 40,5 103,0 27,0 47,5 42,0 29,0 37,5 55,0 11,0 9,0 93,0 23,5 108,0 106,0 
76,0 45,0 59,5 8,0 28,0 52,5 86,0 57,5 107,0 73,0 22,5 1,0 57,0 106,0 49,0 44,0 54,0 51,0 26,0 61,0 55,0 84,0 57,5 37,5 17,0 64,0 78,0 43,0 48,5 53,5 42,0 36,0 12,0 8,0 52,0 10,0 57,0 34,0 25,5 23,0 28,0 61,0 34,0 80,0 54,0 59,0 79,0 25,5 59,0 14,0 31,0 23,5 53,0 44,0 99,0 51,0 53,0 31,0 
5,5 53,5 66,0 52,5 48,0 41,0 45,0 1,5 10,0 5,0 14,5 108,0 54,5 15,0 36,5 43,0 40,5 31,0 10,0 49,5 48,0 51,0 58,0 89,0 54,0 1,0 18,0 19,5 101,0 68,0 106,0 97,0 40,5 8,0 4,0 9,5 92,0 21,0 61,0 41,0 87,0 84,0 46,0 44,0 12,0 25,5 90,0 70,0 35,0 48,5 44,5 18,0 35,5 97,0 14,5 55,5 19,5 70,0 
44,5 43,0 81,0 55,0 39,0 28,0 49,5 41,0 51,0 50,5 72,0 83,0 1,0 7,0 51,0 6,0 56,0 47,5 38,0 27,0 51,0 56,5 33,0 56,5 77,0 56,0 60,0 34,5 104,0 51,5 50,0 23,0 24,0 15,0 49,5 6,0 69,0 32,0 58,5 114,0 45,0 7,0 102,0 120,0 59,0 99,0 60,0 28,0 61,0 40,0 43,0 61,0 73,0 117,0 40,5 34,0 5,0 35,0 
48,0 5,0 120,0 79,0 3,0 32,5 0,5 40,0 0,5 90,0 56,0 44,0 21,0 50,5 12,0 49,5 69,0 16,0 41,0 46,0 47,5 113,0 7,0 47,5 23,0 64,0 60,5 37,5 5,5 35,5 57,5 31,0 36,0 82,0 50,0 41,5 65,0 26,0 35,0 66,0 99,0 117,0 41,0 92,0 56,0 88,0 11,0 49,0 32,0 78,0 47,0 118,0 26,0 44,5 21,0 64,0 60,5 17,0 
18,5 44,0 61,0 77,0 23,5 76,0 32,0 39,0 36,5 27,5 57,0 59,0 97,0 82,0 35,0 111,0 0,5 20,0 33,0 44,0 121,0 18,0 117,0 48,0 3,0 82,0 67,0 37,0 11,0 51,0 102,0 28,0 58,5 58,5 70,0 44,0 34,0 12,0 118,0 43,5 25,0 121,0 3,0 0,0 33,0 66,0 116,0 45,0 30,0 44,0 30,0 36,0 64,0 34,0 46,5 15,5 52,0 63,0 
7,0 15,5 94,0 111,0 60,5 1,0 27,0 51,0 11,0 29,0 1,0 55,0 5,0 56,0 80,0 7,0 3,0 98,0 44,0 30,0 50,0 78,0 69,0 39,0 91,0 26,5 89,0 34,0 40,0 17,0 55,0 7,0 116,0 106,0 16,0 54,5 48,0 29,0 114,0 21,0 12,5 77,0 9,0 20,0 26,5 20,0 67,0 44,0 0,5 36,0 31,5 98,0 15,5 33,0 36,0 48,0 13,0 41,5 
79,0 24,0 1,5 59,0 19,5 27,0 38,0 101,0 9,0 11,0 19,0 97,0 40,0 9,0 82,0 17,0 113,0 51,5 88,0 4,0 19,0 46,0 24,0 24,0 10,0 14,5 61,0 33,5 88,0 13,5 45,5 122,0 113,0 21,5 19,5 26,0 13,0 33,5 91,0 52,0 27,0 41,0 65,0 80,0 92,0 49,5 110,0 14,5 49,5 16,0 30,0 9,0 39,0 32,0 40,5 61,0 17,0 61,0 
104,0 11,0 119,0 0,5 68,0 47,0 99,0 31,0 3,0 67,0 89,0 67,0 32,0 24,5 43,0 47,5 17,5 99,0 12,0 19,5 17,0 22,0 80,0 57,0 7,5 12,0 77,0 1,5 122,0 52,5 105,0 90,0 84,0 116,0 33,0 47,0 40,0 41,0 54,0 22,0 5,0 40,0 2,0 96,0 25,0 43,5 63,0 84,0 54,0 36,0 30,0 60,0 49,0 2,0 16,5 45,5 11,0 3,0 
43,0 62,0 80,0 114,0 62,0 16,0 60,5 19,0 18,0 101,0 41,0 17,5 4,0 31,5 29,0 87,0 51,0 24,5 21,0 7,0 63,0 45,5 33,0 79,0 31,0 4,0 94,0 47,0 94,0 38,0 28,0 57,0 24,0 50,0 0,0 0,0 26,0 12,0 30,0 31,0 0,0 84,0 111,0 21,0 84,0 10,0 34,5 34,5 72,0 55,0 42,5 5,0 53,0 84,0 40,5 101,0 46,0 4,0 
86,0 50,5 113,0 20,0 112,0 20,0 1,0 3,0 59,0 89,0 8,0 44,0 9,5 57,0 53,5 29,0 75,0 29,0 40,5 25,0 35,5 84,0 21,0 20,0 50,0 35,5 14,5 46,5 64,0 25,0 17,0 121,0 46,0 44,5 52,5 43,0 36,0 59,5 4,0 26,0 42,0 52,0 113,0 49,5 54,0 17,0 23,0 20,5 10,0 24,5 19,0 63,0 37,5 4,5 29,0 19,0 32,0 45,0 
